-2.916453379087081133e-01
8.210500163522029382e+00
3.985077261533528231e-02
-1.014899713238741341e-01
1.211525717644363009e+00
-3.029916940856460239e-01
-3.671442254791429383e-02
8.357522214494061963e-01
6.407673672117049357e-02
7.540545595098728349e+00
-1.337502411324035523e-01
9.695480206644897792e-02
1.340175439850755046e+00
-4.528676228910599733e-01
1.233736457919458879e-01
5.942539398876065526e-01
-1.278544127592184110e-01
8.363349908327283089e+00
-3.435299490395782307e-01
-4.341894243002233922e-01
1.837441041584866763e+00
-4.640933434946922231e-01
-9.897986912616159316e-02
8.453758143016336657e-01
1.290211234374936677e-01
7.544106718754737706e+00
-7.505730317736138135e-02
2.313812245207877150e-01
1.427427662601348901e+00
-8.558602754741708729e-01
6.584688757375870352e-03
6.054307045037706780e-01
-1.191716841575550176e-02
8.267109161433641162e+00
-1.046734451176265374e-01
-2.209605681458460258e-01
1.231201218798629649e+00
-2.568216919991778702e-01
7.298159359940720181e-02
7.265408894344969060e-01
3.856234084537434881e-01
5.787718426197950849e-01
-8.445420737039800729e-02
-2.097549640847312657e-01
6.299744957782972277e-01
2.410817240262955359e-03
1.927286021820961703e-01
1.638818142320932481e-01
8.067055218130619876e-02
-3.242342108487554775e-01
-5.576753896230950414e-01
-2.425089744932174603e-03
2.611577161007556103e-01
-8.083453165285389708e-02
2.618913349461571630e-02
-1.727410914700213546e-02
-2.770026344950162756e-01
2.779857015477923410e-01
1.145135034101323335e+00
-1.511907745431730898e-01
2.008041961625607608e-01
-3.976585385659180405e-01
-4.343894872545370767e-01
-6.842393380094707878e-03
5.081611884444266897e-02
-2.414710099695610845e-01
-6.397199549421402898e-01
3.228982872274369087e-01
2.408394132186927189e-02
-7.515779083765893043e-02
1.240615969038351835e-01
-1.599073708420727935e-01
3.229625255833538239e-02
4.565872201871912783e-01
6.425467660651783264e-02
-1.312205418411800384e-01
3.277143456787702802e-01
2.261921642539497790e-01
1.075001482960592086e-01
1.940525144946405878e-01
5.207108898374386390e-03
6.333871951004147460e-01
6.888918966100467112e-02
-3.100041727591485441e-01
-1.743368483033380656e-01
2.222234232557778466e-01
-1.838911831740455693e-01
-3.866778629449295623e-01
5.681619058079168116e-02
1.716099851268136633e-01
8.635813680244630586e-01
-8.946075138910156155e-02
-9.693234826612778798e-01
1.850011884825288888e-01
-4.246752757556025715e-02
-3.056835112147575639e-01
-2.317075582809233758e+00
-3.225667276919254589e-01
1.200507712686383499e+01
-2.588309800067663424e+00
-3.206731901852986955e+00
-2.150470381127561392e+00
3.145368784246156846e+00
-3.532839166297875533e+00
-3.762801103618341192e-01
7.107732770731463312e-02
1.048299670100312442e+00
2.739181833415313405e-01
-8.713114264165362499e-01
-1.016658224386573911e-01
-2.291250397573398601e-01
-2.416694321279157232e-01
-1.255573057485624977e-01
1.037558779226067651e+00
-8.649842770945173620e-02
3.761187986376813286e-01
1.356012083291289749e-01
-2.017594774351374742e-01
-7.602970947455342521e-02
-2.886589385211398850e-01
3.437778072554092956e-01
-4.576467082986186430e-01
3.306659479848887695e-02
3.882372001147025437e-02
-5.240169799206161327e-01
1.315121838641300327e-02
7.707145049827331118e-02
-3.384299847881490075e-01
7.678506652888950068e-02
-8.924475555323639897e-01
-5.017635890560279144e-01
-3.483465583142609789e-01
-3.359532094151432280e-01
3.295868567568239760e-01
-5.907169968319833479e-03
-1.246207616794750977e-01
-2.454850819149822228e-01
-5.110944582866344676e-01
6.640871191436428234e-01
1.287286222958758941e-01
9.631970616967575061e-02
-3.558603853461445587e-01
-2.020779234254982681e-01
2.288279080258607823e-01
7.525487620472220973e-02
-9.229202031945675788e-01
-5.514071802907157815e-01
-6.399417221563474811e-02
-2.071340327627600730e-01
2.130218534390082019e-01
1.098067678063282537e-01
-3.284480076326524306e-02
-1.939994302879363419e-01
-1.354522180905875228e-01
4.946000413999959017e-02
2.548478878631313949e-01
-5.187468143059752457e-01
2.241582422814169251e-01
9.125469372451854716e-03
-2.707450520757826440e-01
1.027850218921061015e-01
-7.101553743294043430e-01
2.910339631996099186e-02
-3.146328335964215794e-01
-1.015849883323763247e+00
4.756172881722685597e-01
-2.381513466855826253e-02
-3.222664938083059094e-01
2.813799414408568733e-01
-1.550629474498846361e-01
1.529068943781458911e-01
-2.499317785997334507e-01
-3.021063342858131273e-01
-6.727243635637340791e-02
-3.958819298411251145e-03
-1.049240904724630663e-01
-3.667323094097047487e-01
-2.639683174226033491e-01
-2.603499194576230358e-01
-3.547819517194307770e-01
-4.116260800326054237e-01
4.724523235522122555e-02
-1.409280301415322678e-01
7.082229119711630494e-01
-4.959985822738282452e-02
-3.400230771324944112e-01
1.157668014573925014e-01
-1.496808255669884052e-04
-4.388614324590540683e-01
2.349296899053573973e-01
6.378543967985125795e-02
-7.085793419024007112e-02
-4.910034190796898068e-01
-8.810157041885142704e-01
6.372566105373350664e-02
5.070550961566027137e-01
-1.231295862637936889e+00
1.570168907753634879e-01
-8.803616564370919662e-02
-2.435189677782240991e-01
2.813076149748442223e+00
8.247797042837199388e-01
-3.747479156459319061e-01
2.816875665275010654e+00
-4.148272847232282734e-01
2.464775951086071171e+00
-1.389041264060117076e+00
2.118667199998624628e+00
-9.996095334462935522e-01
1.537474790968771376e+00
1.266316811209905024e+00
-4.250259337609156418e+00
-8.103732948548640624e-02
3.216972307327953917e+00
-3.030551528555740504e-01
-1.383005430436829164e-01
2.516721267525762862e+00
-2.375359051534930988e+00
-2.319882201070963212e+00
1.994549498251746877e+00
-1.414749627625302209e+00
1.856401532296039214e+00
9.129346749275066841e-01
-3.635490043580959174e+00
6.739596480663657685e-01
2.510775390309115007e+00
2.640967045901456145e-01
7.404141869363065620e-01
-1.182462840462369602e+00
2.062633031880861001e+00
8.281350298059464432e-01
-3.016152120792350289e+00
1.792878671947236713e+00
-1.626421851088582393e+00
-2.115736621055318789e+00
3.607135542283041119e+00
4.731701139357306074e-01
-2.420373042629233140e+00
1.120394872489193228e+00
-3.728821455404983887e+00
5.589333130115464732e-01
-1.530638403333082653e+00
-2.668998328425685740e-01
1.016374412454092990e+00
8.028163381951463062e-01
1.699399636236253341e+00
2.580292911628195185e+00
1.382389814166201436e+00
-3.620987657441326890e-01
-3.844986356487677615e+00
-5.048017012072913090e+00
-3.860211105070736171e+00
-1.880213649327732162e+00
8.390413461282710372e+00
7.505868462918099837e+00
3.790929569703984203e+00
-2.692193205099017717e-01
1.926195906828535587e-01
1.270220759941575350e+00